1759721572384 0.37416237592697144 0
1759721572543 0.32177120447158813 1
1759721572636 0.3022945523262024 2
1759721572691 0.28654277324676514 3
1759721572739 0.27434808015823364 4
1759721572786 0.25872111320495605 5
1759721572828 0.24924346804618835 6
1759721572867 0.2367856651544571 7
1759721572904 0.22539179027080536 8
1759721572940 0.21840639412403107 9
1759721572977 0.21194961667060852 10
1759721573013 0.20726312696933746 11
1759721573081 0.20209620893001556 12
1759721572384 0.37416237592697144 0
