1759722117172 0.3698527216911316 0
1759722117242 0.33220112323760986 1
1759722117305 0.31857240200042725 2
1759722117366 0.3109014630317688 3
1759722117420 0.30425605177879333 4
1759722117484 0.2980178892612457 5
1759722117533 0.29100707173347473 6
1759722117582 0.28525978326797485 7
1759722117626 0.27969521284103394 8
1759722117671 0.27413275837898254 9
1759722117715 0.27071675658226013 10
1759722117755 0.26683318614959717 11
1759722117795 0.2632490396499634 12
1759722117172 0.3698527216911316 0
